{
 "cells": [
  {
   "cell_type": "code",
   "execution_count": 9,
   "id": "c49f17f2-7fc6-4602-92bf-b9a7c91953d0",
   "metadata": {},
   "outputs": [],
   "source": [
    "import numpy as np"
   ]
  },
  {
   "cell_type": "code",
   "execution_count": 10,
   "id": "1a78d3bf-7f33-4787-858e-188ff4eb30d8",
   "metadata": {},
   "outputs": [],
   "source": [
    "data = np.random.randint(0,255,(10,10))"
   ]
  },
  {
   "cell_type": "code",
   "execution_count": 12,
   "id": "d8f522b4-50ec-4720-846d-6613dd8b6eed",
   "metadata": {},
   "outputs": [
    {
     "data": {
      "text/plain": [
       "array([[220,  91, 125,  23, 171, 155,  47,  16, 165, 235],\n",
       "       [180, 250,  58, 123, 220,  22,  65, 162,  51, 211],\n",
       "       [ 98, 117, 246, 240, 171, 233, 174, 105,  79, 240],\n",
       "       [153,  94, 204, 101, 209,  35,  76,  81, 113, 153],\n",
       "       [172,  31, 134,  34, 208, 177, 165,  79,  80,  62],\n",
       "       [114,  95,  63, 190, 168,  69, 177, 192,  32,  47],\n",
       "       [185, 199, 111,  43, 149, 119, 104,  14, 176,  51],\n",
       "       [231,  46, 210, 125, 234, 154, 231,  36, 180, 207],\n",
       "       [184, 205,  99,  68, 189, 105, 200, 245, 191,  24],\n",
       "       [231, 121, 135, 223, 226,   9,   3,  78,  63, 223]], dtype=int32)"
      ]
     },
     "execution_count": 12,
     "metadata": {},
     "output_type": "execute_result"
    }
   ],
   "source": [
    "data"
   ]
  },
  {
   "cell_type": "code",
   "execution_count": 14,
   "id": "604f3e7c-4588-4ddf-bd61-7888231f90c7",
   "metadata": {},
   "outputs": [
    {
     "name": "stdout",
     "output_type": "stream",
     "text": [
      "Orijinal Matris (Görüntü):\n",
      " [[ 61 196 186 122  14  61 129 239  11 225]\n",
      " [ 58 169  72 108 121 129 184 231 109 241]\n",
      " [ 11 192  94   9  93  89 170 167  59  29]\n",
      " [182  92  46  48 225  68   8  11 136  40]\n",
      " [173 212  97 178 153  89 234  23  93 191]\n",
      " [138  81 142 115  23  86 150 101 141 196]\n",
      " [ 35 238 177  92  32 152 216 192 120 147]\n",
      " [155 220  82  98 109 243  22 235 239  16]\n",
      " [ 27 180 222 154  60 196 152   4  56 152]\n",
      " [156 251  39 253  25 216 193 236  93 130]]\n",
      "\n",
      "Vurgulanmış Merkez Matris:\n",
      " [[ 61 196 186 122  14  61 129 239  11 225]\n",
      " [ 58 169  72 108 121 129 184 231 109 241]\n",
      " [ 11 192  94   9  93  89 170 167  59  29]\n",
      " [182  92  46 255 255 255 255  11 136  40]\n",
      " [173 212  97 255 255 255 255  23  93 191]\n",
      " [138  81 142 255 255 255 255 101 141 196]\n",
      " [ 35 238 177 255 255 255 255 192 120 147]\n",
      " [155 220  82  98 109 243  22 235 239  16]\n",
      " [ 27 180 222 154  60 196 152   4  56 152]\n",
      " [156 251  39 253  25 216 193 236  93 130]]\n",
      "\n",
      "Döndürülmüş (Transpoze) Matris:\n",
      " [[ 61  58  11 182 173 138  35 155  27 156]\n",
      " [196 169 192  92 212  81 238 220 180 251]\n",
      " [186  72  94  46  97 142 177  82 222  39]\n",
      " [122 108   9  48 178 115  92  98 154 253]\n",
      " [ 14 121  93 225 153  23  32 109  60  25]\n",
      " [ 61 129  89  68  89  86 152 243 196 216]\n",
      " [129 184 170   8 234 150 216  22 152 193]\n",
      " [239 231 167  11  23 101 192 235   4 236]\n",
      " [ 11 109  59 136  93 141 120 239  56  93]\n",
      " [225 241  29  40 191 196 147  16 152 130]]\n"
     ]
    }
   ],
   "source": [
    "original_image = np.random.randint(0, 256, size=(10, 10))\n",
    "print(\"Orijinal Matris (Görüntü):\\n\", original_image)\n",
    "\n",
    "def karart(image_array):\n",
    "    # Tüm elemanlara aynı anda 2'ye bölme işlemi uygulanır\n",
    "    return image_array / 2\n",
    "\n",
    "    # Merkezi 4x4 alanı seç ve 255 ile çarp (parlak yap)\n",
    "vurgulanmis_image = original_image.copy() # Orijinali korumak için kopya alın\n",
    "vurgulanmis_image[3:7, 3:7] = 255 \n",
    "\n",
    "print(\"\\nVurgulanmış Merkez Matris:\\n\", vurgulanmis_image)\n",
    "\n",
    "dondurulmus_image = original_image.T\n",
    "print(\"\\nDöndürülmüş (Transpoze) Matris:\\n\", dondurulmus_image)"
   ]
  },
  {
   "cell_type": "code",
   "execution_count": null,
   "id": "a7f940c7-c531-4069-a0f5-43ae8f6b3699",
   "metadata": {},
   "outputs": [],
   "source": []
  }
 ],
 "metadata": {
  "kernelspec": {
   "display_name": "Python 3 (ipykernel)",
   "language": "python",
   "name": "python3"
  },
  "language_info": {
   "codemirror_mode": {
    "name": "ipython",
    "version": 3
   },
   "file_extension": ".py",
   "mimetype": "text/x-python",
   "name": "python",
   "nbconvert_exporter": "python",
   "pygments_lexer": "ipython3",
   "version": "3.13.5"
  }
 },
 "nbformat": 4,
 "nbformat_minor": 5
}
